0.jpg 3 0 0 0
1.jpg 3 0 0 0
2.jpg 4 0 0 0
3.jpg 4 0 0 0
4.jpg 4 0 0 1
5.jpg 4 0 0 1
6.jpg 3 0 0 0
7.jpg 3 0 0 0
8.jpg 3 0 0 0
9.jpg 4 0 0 1
10.jpg 4 1 0 0
11.jpg 4 0 0 0
12.jpg 3 0 0 0
13.jpg 4 0 0 0
14.jpg 3 0 0 0
15.jpg 5 0 0 0
16.jpg 3 0 0 0
17.jpg 4 0 0 1
18.jpg 3 0 0 0
19.jpg 3 0 0 0
20.jpg 4 1 0 0
21.jpg 4 0 0 1
22.jpg 3 0 1 0
23.jpg 4 0 0 1
24.jpg 4 0 0 1
25.jpg 4 0 0 1
26.jpg 3 0 0 0
27.jpg 4 0 0 1
28.jpg 4 0 0 1
29.jpg 4 1 0 0
30.jpg 4 0 0 0
31.jpg 4 0 0 1
32.jpg 4 0 0 0
33.jpg 4 0 0 0
34.jpg 4 0 0 1
35.jpg 4 0 0 1
36.jpg 4 0 0 1
37.jpg 4 0 0 1
38.jpg 3 0 0 0
39.jpg 4 0 0 0
40.jpg 4 0 0 1
41.jpg 3 0 1 0
42.jpg 4 0 0 1
43.jpg 4 1 0 0
44.jpg 3 0 0 0
45.jpg 4 0 0 0
46.jpg 4 0 0 1
47.jpg 4 0 0 1
48.jpg 4 0 0 1
49.jpg 3 0 0 0
50.jpg 4 0 0 1
51.jpg 3 0 0 0
52.jpg 4 0 0 0
53.jpg 3 0 0 0
54.jpg 3 0 0 0
55.jpg 3 0 0 0
56.jpg 4 0 0 1
57.jpg 4 0 0 0
58.jpg 4 0 0 0
59.jpg 4 0 0 0
60.jpg 4 0 0 1
61.jpg 3 0 0 0
62.jpg 4 0 0 0
63.jpg 4 0 0 0
64.jpg 0 1 0 1
65.jpg 3 0 0 0
66.jpg 4 0 0 1
67.jpg 3 0 0 0
68.jpg 3 0 1 0
69.jpg 3 0 0 0
70.jpg 3 0 0 0
71.jpg 4 0 0 0
72.jpg 3 0 0 0
73.jpg 4 0 0 0
74.jpg 3 0 0 0
75.jpg 3 1 0 0
76.jpg 4 0 0 1
77.jpg 4 0 0 1
78.jpg 4 0 0 1
79.jpg 5 0 0 0
80.jpg 3 1 0 0
81.jpg 5 0 0 0
82.jpg 0 1 0 1
83.jpg 0 0 0 1
84.jpg 3 0 0 0
85.jpg 0 0 0 1
86.jpg 4 0 0 0
87.jpg 4 0 0 0
88.jpg 3 0 0 0
89.jpg 4 0 0 1
90.jpg 4 0 0 0
91.jpg 3 0 0 0
92.jpg 3 0 0 0
93.jpg 4 0 0 0
94.jpg 3 0 0 0
95.jpg 4 0 0 0
96.jpg 3 0 0 0
97.jpg 3 0 0 0
98.jpg 3 0 0 0
99.jpg 4 0 0 1
100.jpg 0 1 0 1
101.jpg 3 0 0 0
102.jpg 3 0 0 0
103.jpg 3 0 0 0
104.jpg 6 0 0 0
105.jpg 4 1 0 1
106.jpg 0 0 0 1
107.jpg 0 0 0 0
108.jpg 1 1 0 1
109.jpg 3 0 0 0
110.jpg 0 0 0 0
111.jpg 3 0 1 0
112.jpg 3 0 0 0
113.jpg 3 0 0 0
114.jpg 0 0 0 1
115.jpg 3 0 0 0
116.jpg 3 0 1 0
117.jpg 3 0 0 0
118.jpg 1 0 0 1
119.jpg 6 0 0 0
120.jpg 3 0 0 0
121.jpg 3 0 0 0
122.jpg 0 0 0 0
123.jpg 3 0 0 0
124.jpg 3 0 0 0
125.jpg 3 0 0 0
126.jpg 3 0 0 0
127.jpg 0 0 0 0
128.jpg 3 1 0 0
129.jpg 3 1 1 0
130.jpg 0 0 0 0
131.jpg 3 0 0 0
132.jpg 4 0 0 1
133.jpg 3 0 0 0
134.jpg 3 0 0 0
135.jpg 0 0 0 1
136.jpg 0 0 0 1
137.jpg 0 1 0 1
138.jpg 3 0 0 0
139.jpg 4 0 0 1
140.jpg 3 0 0 0
141.jpg 0 0 0 1
142.jpg 3 0 0 0
143.jpg 0 0 0 0
144.jpg 0 1 0 1
145.jpg 3 0 0 0
146.jpg 2 0 0 0
147.jpg 5 0 0 0
148.jpg 0 1 0 1
149.jpg 3 0 0 0
150.jpg 3 0 0 0
151.jpg 3 0 0 0
152.jpg 0 0 0 0
153.jpg 5 0 0 0
154.jpg 0 0 0 0
155.jpg 2 0 0 0
156.jpg 4 0 0 1
157.jpg 4 0 0 1
158.jpg 6 0 0 0
159.jpg 0 0 0 0
160.jpg 4 0 0 1
161.jpg 4 0 0 1
162.jpg 4 0 0 1
163.jpg 3 0 0 0
164.jpg 3 0 0 0
165.jpg 4 0 0 1
166.jpg 3 0 0 0
167.jpg 0 0 0 0
168.jpg 3 0 0 0
169.jpg 0 0 0 0
170.jpg 3 0 0 0
171.jpg 3 0 0 0
172.jpg 3 0 0 0
173.jpg 6 0 0 0
174.jpg 3 0 0 0
175.jpg 6 0 0 0
176.jpg 0 0 0 0
177.jpg 0 0 0 0
178.jpg 0 0 0 0
179.jpg 3 0 0 0
180.jpg 4 0 0 1
181.jpg 0 1 0 1
182.jpg 3 1 0 0
183.jpg 3 0 0 0
184.jpg 0 0 0 1
185.jpg 3 1 0 0
186.jpg 3 0 0 0
187.jpg 4 0 0 1
188.jpg 3 1 0 0
189.jpg 4 1 0 1
190.jpg 0 0 0 1
191.jpg 0 0 0 0
192.jpg 4 0 0 1
193.jpg 0 1 0 1
194.jpg 0 0 0 0
195.jpg 0 0 0 1
196.jpg 0 0 0 1
197.jpg 1 0 0 1
198.jpg 3 0 0 0
199.jpg 0 1 0 1
200.jpg 6 0 0 0
201.jpg 0 0 0 1
202.jpg 0 0 0 0
203.jpg 3 0 0 0
204.jpg 3 0 0 0
205.jpg 3 0 0 0
206.jpg 4 0 0 1
207.jpg 0 0 0 0
208.jpg 4 0 0 0
209.jpg 3 0 0 0
210.jpg 0 0 0 0
211.jpg 1 0 0 1
212.jpg 0 0 0 1
213.jpg 3 0 0 0
214.jpg 3 0 0 0
215.jpg 0 0 0 1
216.jpg 0 0 0 1
217.jpg 0 0 0 1
218.jpg 3 0 0 0
219.jpg 0 0 0 0
220.jpg 0 0 0 0
221.jpg 0 0 0 0
222.jpg 0 0 0 0
223.jpg 5 0 0 0
224.jpg 3 0 0 0
225.jpg 0 0 0 0
226.jpg 1 1 0 1
227.jpg 0 0 0 0
228.jpg 0 0 0 1
229.jpg 3 0 0 0
230.jpg 3 0 0 0
231.jpg 0 0 0 0
232.jpg 2 0 0 0
233.jpg 1 0 0 1
234.jpg 0 0 0 1
235.jpg 4 1 0 1
236.jpg 1 0 0 0
237.jpg 0 0 0 1
238.jpg 1 0 0 1
239.jpg 0 0 0 1
240.jpg 0 0 0 0
241.jpg 3 1 0 0
242.jpg 0 0 0 1
243.jpg 0 0 0 0
244.jpg 3 0 0 0
245.jpg 0 0 0 1
246.jpg 3 0 0 0
247.jpg 1 1 0 1
248.jpg 0 0 0 1
249.jpg 3 0 0 0
250.jpg 0 0 0 0
251.jpg 0 0 0 1
252.jpg 0 0 0 1
253.jpg 0 0 0 1
254.jpg 0 0 0 1
255.jpg 3 0 0 0
256.jpg 0 0 0 1
257.jpg 0 0 0 1
258.jpg 0 0 0 1
259.jpg 0 0 0 1
260.jpg 0 0 0 0
261.jpg 3 0 0 0
262.jpg 5 0 0 0
263.jpg 3 0 0 0
264.jpg 1 0 0 0
265.jpg 3 0 0 0
266.jpg 1 0 0 1
267.jpg 5 0 0 0
268.jpg 0 0 0 1
269.jpg 0 0 0 1
270.jpg 3 0 1 0
271.jpg 3 0 0 0
272.jpg 3 0 0 0
273.jpg 3 0 0 0
274.jpg 0 0 0 1
275.jpg 3 0 0 0
276.jpg 0 0 0 0
277.jpg 0 0 0 0
278.jpg 3 0 0 0
279.jpg 1 0 0 0
280.jpg 0 0 0 0
281.jpg 0 0 0 0
282.jpg 3 0 1 0
283.jpg 1 0 0 1
284.jpg 0 0 0 0
285.jpg 3 0 0 0
286.jpg 1 0 0 0
287.jpg 0 1 0 1
288.jpg 0 0 0 1
289.jpg 1 1 0 1
290.jpg 3 0 0 0
291.jpg 0 0 0 0
292.jpg 1 0 0 0
293.jpg 1 1 0 1
294.jpg 1 1 0 1
295.jpg 1 0 0 1
296.jpg 0 1 0 1
297.jpg 0 0 0 1
298.jpg 1 0 0 1
299.jpg 0 0 0 0
300.jpg 0 0 0 0
301.jpg 0 0 0 0
302.jpg 1 1 0 1
303.jpg 0 0 0 1
304.jpg 3 0 0 0
305.jpg 1 0 0 0
306.jpg 0 0 0 1
307.jpg 0 0 0 0
308.jpg 3 0 0 0
309.jpg 5 0 0 0
310.jpg 0 0 0 0
311.jpg 1 0 0 1
312.jpg 0 0 0 0
313.jpg 0 0 0 1
314.jpg 1 1 0 1
315.jpg 0 0 0 0
316.jpg 0 0 0 1
317.jpg 3 0 0 0
318.jpg 3 0 0 0
319.jpg 0 0 0 1
320.jpg 3 0 0 0
321.jpg 0 1 0 1
322.jpg 0 0 0 1
323.jpg 0 0 0 1
324.jpg 0 0 0 1
325.jpg 0 0 0 1
326.jpg 0 1 0 1
327.jpg 3 1 1 0
328.jpg 0 0 0 1
329.jpg 0 0 0 0
330.jpg 0 0 0 1
331.jpg 0 0 0 1
332.jpg 0 1 0 1
333.jpg 0 0 0 1
334.jpg 0 1 0 1
335.jpg 3 0 0 0
336.jpg 6 0 0 0
337.jpg 3 0 0 0
338.jpg 0 0 0 1
339.jpg 0 0 0 1
340.jpg 2 0 0 0
341.jpg 0 0 0 1
342.jpg 0 0 0 1
343.jpg 0 1 1 0
344.jpg 0 0 0 1
345.jpg 0 1 0 1
346.jpg 4 0 0 1
347.jpg 0 0 0 0
348.jpg 0 0 0 1
349.jpg 3 0 0 0
350.jpg 5 0 0 0
351.jpg 0 0 0 1
352.jpg 5 0 0 0
353.jpg 0 0 0 1
354.jpg 0 0 0 1
355.jpg 6 0 0 0
356.jpg 0 0 0 1
357.jpg 0 0 0 1
358.jpg 3 0 0 0
359.jpg 3 0 0 0
360.jpg 0 0 0 1
361.jpg 3 0 0 0
362.jpg 3 0 0 0
363.jpg 3 0 0 0
364.jpg 6 0 0 0
365.jpg 0 0 0 1
366.jpg 2 0 0 0
367.jpg 0 0 0 1
368.jpg 6 0 0 0
369.jpg 4 1 0 0
370.jpg 0 0 0 0
371.jpg 0 1 0 1
372.jpg 5 0 0 0
373.jpg 3 0 0 0
374.jpg 2 0 0 0
375.jpg 0 0 0 1
376.jpg 0 0 0 1
377.jpg 4 1 0 0
378.jpg 0 0 1 0
379.jpg 3 0 0 0
380.jpg 6 0 0 0
381.jpg 0 0 0 0
382.jpg 0 0 0 1
383.jpg 3 0 0 0
384.jpg 0 0 0 1
385.jpg 1 0 0 1
386.jpg 3 0 0 0
387.jpg 3 0 0 0
388.jpg 3 1 0 0
389.jpg 6 0 0 0
390.jpg 0 0 0 0
391.jpg 4 1 0 0
392.jpg 3 1 0 0
393.jpg 0 0 0 0
394.jpg 3 0 0 0
395.jpg 6 0 0 0
396.jpg 0 1 0 1
397.jpg 0 0 0 1
398.jpg 3 0 0 0
399.jpg 3 0 0 0
